10.0000,0.0000 	,	 10.0000,0.0000
10.0255,0.0050 	,	 10.0481,0.0050
10.0508,0.0100 	,	 10.0959,0.0100
10.0759,0.0150 	,	 10.1435,0.0150
10.1006,0.0200 	,	 10.1909,0.0200
10.1252,0.0250 	,	 10.2380,0.0250
10.1495,0.0300 	,	 10.2848,0.0300
10.1736,0.0350 	,	 10.3315,0.0350
10.1974,0.0400 	,	 10.3778,0.0400
10.2209,0.0450 	,	 10.4239,0.0450
10.2443,0.0500 	,	 10.4698,0.0500
10.2673,0.0550 	,	 10.5155,0.0550
10.2902,0.0600 	,	 10.5609,0.0600
10.3127,0.0650 	,	 10.6060,0.0650
10.3351,0.0700 	,	 10.6509,0.0700
10.3572,0.0750 	,	 10.6955,0.0750
10.3790,0.0800 	,	 10.7400,0.0800
10.4006,0.0850 	,	 10.7841,0.0850
10.4220,0.0900 	,	 10.8280,0.0900
10.4431,0.0950 	,	 10.8717,0.0950
10.4640,0.1000 	,	 10.9151,0.1000
10.4846,0.1050 	,	 10.9583,0.1050
10.5050,0.1100 	,	 11.0012,0.1100
10.5251,0.1150 	,	 11.0439,0.1150
10.5450,0.1200 	,	 11.0864,0.1200
10.5646,0.1250 	,	 11.1286,0.1250
10.5840,0.1300 	,	 11.1705,0.1300
10.6032,0.1350 	,	 11.2123,0.1350
10.6221,0.1400 	,	 11.2537,0.1400
10.6408,0.1450 	,	 11.2949,0.1450
10.6592,0.1500 	,	 11.3359,0.1500
10.6774,0.1550 	,	 11.3766,0.1550
10.6953,0.1600 	,	 11.4171,0.1600
10.7130,0.1650 	,	 11.4574,0.1650
10.7304,0.1700 	,	 11.4974,0.1700
10.7476,0.1750 	,	 11.5371,0.1750
10.7645,0.1800 	,	 11.5766,0.1800
10.7812,0.1850 	,	 11.6159,0.1850
10.7977,0.1900 	,	 11.6549,0.1900
10.8139,0.1950 	,	 11.6936,0.1950
10.8299,0.2000 	,	 11.7322,0.2000
10.8456,0.2050 	,	 11.7704,0.2050
10.8611,0.2100 	,	 11.8085,0.2100
10.8763,0.2150 	,	 11.8463,0.2150
10.8913,0.2200 	,	 11.8838,0.2200
10.9060,0.2250 	,	 11.9211,0.2250
10.9205,0.2300 	,	 11.9581,0.2300
10.9347,0.2350 	,	 11.9949,0.2350
10.9487,0.2400 	,	 12.0315,0.2400
10.9625,0.2450 	,	 12.0678,0.2450
10.9760,0.2500 	,	 12.1039,0.2500
10.9893,0.2550 	,	 12.1397,0.2550
11.0023,0.2600 	,	 12.1753,0.2600
11.0151,0.2650 	,	 12.2106,0.2650
11.0276,0.2700 	,	 12.2457,0.2700
11.0399,0.2750 	,	 12.2806,0.2750
11.0519,0.2800 	,	 12.3152,0.2800
11.0637,0.2850 	,	 12.3495,0.2850
11.0753,0.2900 	,	 12.3836,0.2900
11.0866,0.2950 	,	 12.4175,0.2950
11.0976,0.3000 	,	 12.4511,0.3000
11.1085,0.3050 	,	 12.4845,0.3050
11.1190,0.3100 	,	 12.5176,0.3100
11.1293,0.3150 	,	 12.5505,0.3150
11.1394,0.3200 	,	 12.5831,0.3200
11.1493,0.3250 	,	 12.6155,0.3250
11.1588,0.3300 	,	 12.6476,0.3300
11.1682,0.3350 	,	 12.6795,0.3350
11.1773,0.3400 	,	 12.7112,0.3400
11.1861,0.3450 	,	 12.7426,0.3450
11.1947,0.3500 	,	 12.7738,0.3500
11.2031,0.3550 	,	 12.8047,0.3550
11.2112,0.3600 	,	 12.8354,0.3600
11.2191,0.3650 	,	 12.8658,0.3650
11.2267,0.3700 	,	 12.8960,0.3700
11.2341,0.3750 	,	 12.9259,0.3750
11.2412,0.3800 	,	 12.9556,0.3800
11.2481,0.3850 	,	 12.9851,0.3850
11.2548,0.3900 	,	 13.0143,0.3900
11.2612,0.3950 	,	 13.0432,0.3950
11.2673,0.4000 	,	 13.0719,0.4000
11.2732,0.4050 	,	 13.1004,0.4050
11.2789,0.4100 	,	 13.1286,0.4100
11.2843,0.4150 	,	 13.1566,0.4150
11.2895,0.4200 	,	 13.1843,0.4200
11.2944,0.4250 	,	 13.2118,0.4250
11.2991,0.4300 	,	 13.2390,0.4300
11.3035,0.4350 	,	 13.2660,0.4350
11.3077,0.4400 	,	 13.2928,0.4400
11.3117,0.4450 	,	 13.3193,0.4450
11.3154,0.4500 	,	 13.3456,0.4500
11.3188,0.4550 	,	 13.3716,0.4550
11.3220,0.4600 	,	 13.3973,0.4600
11.3250,0.4650 	,	 13.4229,0.4650
11.3277,0.4700 	,	 13.4481,0.4700
11.3302,0.4750 	,	 13.4732,0.4750
11.3324,0.4800 	,	 13.4980,0.4800
11.3344,0.4850 	,	 13.5225,0.4850
11.3362,0.4900 	,	 13.5468,0.4900
11.3377,0.4950 	,	 13.5709,0.4950
11.3389,0.5000 	,	 13.5947,0.5000
11.3399,0.5050 	,	 13.6182,0.5050
11.3407,0.5100 	,	 13.6415,0.5100
11.3412,0.5150 	,	 13.6646,0.5150
11.3414,0.5200 	,	 13.6874,0.5200
11.3415,0.5250 	,	 13.7100,0.5250
11.3412,0.5300 	,	 13.7323,0.5300
11.3408,0.5350 	,	 13.7544,0.5350
11.3401,0.5400 	,	 13.7763,0.5400
11.3391,0.5450 	,	 13.7979,0.5450
11.3379,0.5500 	,	 13.8192,0.5500
11.3365,0.5550 	,	 13.8403,0.5550
11.3348,0.5600 	,	 13.8612,0.5600
11.3328,0.5650 	,	 13.8818,0.5650
11.3306,0.5700 	,	 13.9022,0.5700
11.3282,0.5750 	,	 13.9223,0.5750
11.3255,0.5800 	,	 13.9422,0.5800
11.3226,0.5850 	,	 13.9618,0.5850
11.3194,0.5900 	,	 13.9812,0.5900
11.3160,0.5950 	,	 14.0004,0.5950
11.3124,0.6000 	,	 14.0193,0.6000
11.3085,0.6050 	,	 14.0379,0.6050
11.3043,0.6100 	,	 14.0564,0.6100
11.2999,0.6150 	,	 14.0745,0.6150
11.2953,0.6200 	,	 14.0924,0.6200
11.2904,0.6250 	,	 14.1101,0.6250
11.2853,0.6300 	,	 14.1275,0.6300
11.2799,0.6350 	,	 14.1447,0.6350
11.2743,0.6400 	,	 14.1617,0.6400
11.2684,0.6450 	,	 14.1784,0.6450
11.2623,0.6500 	,	 14.1948,0.6500
11.2560,0.6550 	,	 14.2110,0.6550
11.2494,0.6600 	,	 14.2270,0.6600
11.2425,0.6650 	,	 14.2427,0.6650
11.2354,0.6700 	,	 14.2582,0.6700
11.2281,0.6750 	,	 14.2734,0.6750
11.2205,0.6800 	,	 14.2884,0.6800
11.2127,0.6850 	,	 14.3031,0.6850
11.2046,0.6900 	,	 14.3176,0.6900
11.1963,0.6950 	,	 14.3318,0.6950
11.1878,0.7000 	,	 14.3458,0.7000
11.1790,0.7050 	,	 14.3596,0.7050
11.1699,0.7100 	,	 14.3731,0.7100
11.1606,0.7150 	,	 14.3863,0.7150
11.1511,0.7200 	,	 14.3994,0.7200
11.1413,0.7250 	,	 14.4121,0.7250
11.1312,0.7300 	,	 14.4246,0.7300
11.1210,0.7350 	,	 14.4369,0.7350
11.1104,0.7400 	,	 14.4490,0.7400
11.0997,0.7450 	,	 14.4608,0.7450
11.0887,0.7500 	,	 14.4723,0.7500
11.0774,0.7550 	,	 14.4836,0.7550
11.0659,0.7600 	,	 14.4947,0.7600
11.0542,0.7650 	,	 14.5055,0.7650
11.0422,0.7700 	,	 14.5160,0.7700
11.0299,0.7750 	,	 14.5263,0.7750
11.0174,0.7800 	,	 14.5364,0.7800
11.0047,0.7850 	,	 14.5462,0.7850
10.9917,0.7900 	,	 14.5558,0.7900
10.9785,0.7950 	,	 14.5652,0.7950
10.9650,0.8000 	,	 14.5743,0.8000
10.9513,0.8050 	,	 14.5831,0.8050
10.9374,0.8100 	,	 14.5917,0.8100
10.9232,0.8150 	,	 14.6001,0.8150
10.9087,0.8200 	,	 14.6082,0.8200
10.8940,0.8250 	,	 14.6160,0.8250
10.8791,0.8300 	,	 14.6237,0.8300
10.8639,0.8350 	,	 14.6310,0.8350
10.8485,0.8400 	,	 14.6382,0.8400
10.8328,0.8450 	,	 14.6450,0.8450
10.8169,0.8500 	,	 14.6517,0.8500
10.8007,0.8550 	,	 14.6581,0.8550
10.7843,0.8600 	,	 14.6642,0.8600
10.7677,0.8650 	,	 14.6701,0.8650
10.7508,0.8700 	,	 14.6758,0.8700
10.7336,0.8750 	,	 14.6812,0.8750
10.7162,0.8800 	,	 14.6864,0.8800
10.6986,0.8850 	,	 14.6913,0.8850
10.6807,0.8900 	,	 14.6960,0.8900
10.6626,0.8950 	,	 14.7004,0.8950
10.6442,0.9000 	,	 14.7046,0.9000
10.6256,0.9050 	,	 14.7085,0.9050
10.6067,0.9100 	,	 14.7122,0.9100
10.5876,0.9150 	,	 14.7157,0.9150
10.5683,0.9200 	,	 14.7189,0.9200
10.5487,0.9250 	,	 14.7218,0.9250
10.5288,0.9300 	,	 14.7246,0.9300
10.5088,0.9350 	,	 14.7270,0.9350
10.4884,0.9400 	,	 14.7292,0.9400
10.4678,0.9450 	,	 14.7312,0.9450
10.4470,0.9500 	,	 14.7330,0.9500
10.4260,0.9550 	,	 14.7344,0.9550
10.4046,0.9600 	,	 14.7357,0.9600
10.3831,0.9650 	,	 14.7367,0.9650
10.3613,0.9700 	,	 14.7374,0.9700
10.3392,0.9750 	,	 14.7380,0.9750
10.3169,0.9800 	,	 14.7382,0.9800
10.2944,0.9850 	,	 14.7382,0.9850
10.2716,0.9900 	,	 14.7380,0.9900
10.2486,0.9950 	,	 14.7375,0.9950
10.2253,1.0000 	,	 14.7368,1.0000
10.2018,1.0050 	,	 14.7359,1.0050
10.1780,1.0100 	,	 14.7346,1.0100
10.1540,1.0150 	,	 14.7332,1.0150
10.1297,1.0200 	,	 14.7315,1.0200
10.1052,1.0250 	,	 14.7295,1.0250
10.0805,1.0300 	,	 14.7274,1.0300
10.0555,1.0350 	,	 14.7249,1.0350
10.0303,1.0400 	,	 14.7222,1.0400
10.0048,1.0450 	,	 14.7193,1.0450
9.9791,1.0500 	,	 14.7161,1.0500
9.9531,1.0550 	,	 14.7127,1.0550
9.9269,1.0600 	,	 14.7091,1.0600
9.9004,1.0650 	,	 14.7052,1.0650
9.8737,1.0700 	,	 14.7010,1.0700
9.8467,1.0750 	,	 14.6966,1.0750
9.8195,1.0800 	,	 14.6920,1.0800
9.7921,1.0850 	,	 14.6871,1.0850
9.7644,1.0900 	,	 14.6819,1.0900
9.7365,1.0950 	,	 14.6766,1.0950
9.7083,1.1000 	,	 14.6709,1.1000
9.6799,1.1050 	,	 14.6651,1.1050
9.6512,1.1100 	,	 14.6590,1.1100
9.6223,1.1150 	,	 14.6526,1.1150
9.5931,1.1200 	,	 14.6460,1.1200
9.5637,1.1250 	,	 14.6392,1.1250
9.5340,1.1300 	,	 14.6321,1.1300
9.5041,1.1350 	,	 14.6247,1.1350
9.4740,1.1400 	,	 14.6171,1.1400
9.4436,1.1450 	,	 14.6093,1.1450
9.4130,1.1500 	,	 14.6012,1.1500
9.3821,1.1550 	,	 14.5929,1.1550
9.3510,1.1600 	,	 14.5843,1.1600
9.3196,1.1650 	,	 14.5755,1.1650
9.2880,1.1700 	,	 14.5665,1.1700
9.2561,1.1750 	,	 14.5572,1.1750
9.2240,1.1800 	,	 14.5476,1.1800
9.1917,1.1850 	,	 14.5378,1.1850
9.1591,1.1900 	,	 14.5278,1.1900
9.1262,1.1950 	,	 14.5175,1.1950
9.0932,1.2000 	,	 14.5070,1.2000
9.0598,1.2050 	,	 14.4962,1.2050
9.0263,1.2100 	,	 14.4852,1.2100
8.9924,1.2150 	,	 14.4739,1.2150
8.9584,1.2200 	,	 14.4624,1.2200
8.9241,1.2250 	,	 14.4507,1.2250
8.8895,1.2300 	,	 14.4387,1.2300
8.8547,1.2350 	,	 14.4264,1.2350
8.8196,1.2400 	,	 14.4139,1.2400
8.7844,1.2450 	,	 14.4012,1.2450
8.7488,1.2500 	,	 14.3882,1.2500
8.7130,1.2550 	,	 14.3750,1.2550
8.6770,1.2600 	,	 14.3615,1.2600
8.6407,1.2650 	,	 14.3478,1.2650
8.6042,1.2700 	,	 14.3338,1.2700
8.5674,1.2750 	,	 14.3196,1.2750
8.5304,1.2800 	,	 14.3052,1.2800
8.4932,1.2850 	,	 14.2905,1.2850
8.4557,1.2900 	,	 14.2755,1.2900
8.4179,1.2950 	,	 14.2603,1.2950
8.3799,1.3000 	,	 14.2449,1.3000
8.3417,1.3050 	,	 14.2292,1.3050
8.3032,1.3100 	,	 14.2133,1.3100
8.2645,1.3150 	,	 14.1971,1.3150
8.2255,1.3200 	,	 14.1807,1.3200
8.1863,1.3250 	,	 14.1641,1.3250
8.1468,1.3300 	,	 14.1472,1.3300
8.1071,1.3350 	,	 14.1300,1.3350
8.0672,1.3400 	,	 14.1126,1.3400
8.0270,1.3450 	,	 14.0950,1.3450
7.9865,1.3500 	,	 14.0771,1.3500
7.9459,1.3550 	,	 14.0590,1.3550
7.9049,1.3600 	,	 14.0406,1.3600
7.8637,1.3650 	,	 14.0220,1.3650
7.8223,1.3700 	,	 14.0031,1.3700
7.7806,1.3750 	,	 13.9840,1.3750
7.7387,1.3800 	,	 13.9646,1.3800
7.6966,1.3850 	,	 13.9450,1.3850
7.6542,1.3900 	,	 13.9252,1.3900
7.6115,1.3950 	,	 13.9051,1.3950
7.5686,1.4000 	,	 13.8847,1.4000
7.5255,1.4050 	,	 13.8642,1.4050
7.4821,1.4100 	,	 13.8433,1.4100
7.4385,1.4150 	,	 13.8223,1.4150
7.3946,1.4200 	,	 13.8009,1.4200
7.3505,1.4250 	,	 13.7794,1.4250
7.3061,1.4300 	,	 13.7576,1.4300
7.2615,1.4350 	,	 13.7355,1.4350
7.2166,1.4400 	,	 13.7132,1.4400
7.1715,1.4450 	,	 13.6907,1.4450
7.1262,1.4500 	,	 13.6679,1.4500
7.0806,1.4550 	,	 13.6448,1.4550
7.0347,1.4600 	,	 13.6216,1.4600
6.9887,1.4650 	,	 13.5980,1.4650
6.9423,1.4700 	,	 13.5743,1.4700
6.8958,1.4750 	,	 13.5502,1.4750
6.8489,1.4800 	,	 13.5260,1.4800
6.8019,1.4850 	,	 13.5015,1.4850
6.7546,1.4900 	,	 13.4767,1.4900
6.7070,1.4950 	,	 13.4517,1.4950
6.6592,1.5000 	,	 13.4265,1.5000
6.6112,1.5050 	,	 13.4010,1.5050
6.5629,1.5100 	,	 13.3752,1.5100
6.5143,1.5150 	,	 13.3493,1.5150
6.4655,1.5200 	,	 13.3230,1.5200
6.4165,1.5250 	,	 13.2966,1.5250
6.3672,1.5300 	,	 13.2699,1.5300
6.3177,1.5350 	,	 13.2429,1.5350
6.2680,1.5400 	,	 13.2157,1.5400
6.2180,1.5450 	,	 13.1882,1.5450
6.1677,1.5500 	,	 13.1605,1.5500
6.1172,1.5550 	,	 13.1326,1.5550
6.0665,1.5600 	,	 13.1044,1.5600
6.0155,1.5650 	,	 13.0760,1.5650
5.9642,1.5700 	,	 13.0473,1.5700
5.9128,1.5750 	,	 13.0184,1.5750
5.8610,1.5800 	,	 12.9892,1.5800
5.8091,1.5850 	,	 12.9598,1.5850
5.7568,1.5900 	,	 12.9302,1.5900
5.7044,1.5950 	,	 12.9003,1.5950
5.6517,1.6000 	,	 12.8701,1.6000
5.5987,1.6050 	,	 12.8397,1.6050
5.5455,1.6100 	,	 12.8091,1.6100
5.4921,1.6150 	,	 12.7782,1.6150
5.4384,1.6200 	,	 12.7471,1.6200
5.3845,1.6250 	,	 12.7157,1.6250
5.3303,1.6300 	,	 12.6841,1.6300
5.2759,1.6350 	,	 12.6522,1.6350
5.2212,1.6400 	,	 12.6201,1.6400
5.1663,1.6450 	,	 12.5877,1.6450
5.1111,1.6500 	,	 12.5551,1.6500
5.0557,1.6550 	,	 12.5223,1.6550
5.0001,1.6600 	,	 12.4892,1.6600
4.9442,1.6650 	,	 12.4559,1.6650
4.8881,1.6700 	,	 12.4223,1.6700
4.8317,1.6750 	,	 12.3884,1.6750
4.7750,1.6800 	,	 12.3544,1.6800
4.7182,1.6850 	,	 12.3201,1.6850
4.6610,1.6900 	,	 12.2855,1.6900
4.6037,1.6950 	,	 12.2507,1.6950
4.5461,1.7000 	,	 12.2156,1.7000
4.4882,1.7050 	,	 12.1803,1.7050
4.4301,1.7100 	,	 12.1448,1.7100
4.3718,1.7150 	,	 12.1090,1.7150
4.3132,1.7200 	,	 12.0730,1.7200
4.2543,1.7250 	,	 12.0367,1.7250
4.1952,1.7300 	,	 12.0002,1.7300
4.1359,1.7350 	,	 11.9634,1.7350
4.0763,1.7400 	,	 11.9264,1.7400
4.0165,1.7450 	,	 11.8891,1.7450
3.9565,1.7500 	,	 11.8516,1.7500
3.8962,1.7550 	,	 11.8139,1.7550
3.8356,1.7600 	,	 11.7759,1.7600
3.7748,1.7650 	,	 11.7376,1.7650
3.7138,1.7700 	,	 11.6991,1.7700
3.6525,1.7750 	,	 11.6604,1.7750
3.5909,1.7800 	,	 11.6214,1.7800
3.5292,1.7850 	,	 11.5822,1.7850
3.4671,1.7900 	,	 11.5427,1.7900
3.4049,1.7950 	,	 11.5030,1.7950
3.3423,1.8000 	,	 11.4631,1.8000
3.2796,1.8050 	,	 11.4229,1.8050
3.2166,1.8100 	,	 11.3824,1.8100
3.1533,1.8150 	,	 11.3417,1.8150
3.0898,1.8200 	,	 11.3008,1.8200
3.0261,1.8250 	,	 11.2596,1.8250
2.9621,1.8300 	,	 11.2182,1.8300
2.8979,1.8350 	,	 11.1765,1.8350
2.8334,1.8400 	,	 11.1346,1.8400
2.7687,1.8450 	,	 11.0924,1.8450
2.7037,1.8500 	,	 11.0500,1.8500
2.6385,1.8550 	,	 11.0073,1.8550
2.5730,1.8600 	,	 10.9644,1.8600
2.5073,1.8650 	,	 10.9213,1.8650
2.4414,1.8700 	,	 10.8779,1.8700
2.3752,1.8750 	,	 10.8343,1.8750
2.3087,1.8800 	,	 10.7904,1.8800
2.2421,1.8850 	,	 10.7463,1.8850
2.1751,1.8900 	,	 10.7019,1.8900
2.1079,1.8950 	,	 10.6573,1.8950
2.0405,1.9000 	,	 10.6124,1.9000
1.9729,1.9050 	,	 10.5673,1.9050
1.9049,1.9100 	,	 10.5219,1.9100
1.8368,1.9150 	,	 10.4763,1.9150
1.7684,1.9200 	,	 10.4305,1.9200
1.6997,1.9250 	,	 10.3844,1.9250
1.6308,1.9300 	,	 10.3381,1.9300
1.5617,1.9350 	,	 10.2915,1.9350
1.4923,1.9400 	,	 10.2447,1.9400
1.4227,1.9450 	,	 10.1976,1.9450
1.3528,1.9500 	,	 10.1503,1.9500
1.2827,1.9550 	,	 10.1027,1.9550
1.2123,1.9600 	,	 10.0549,1.9600
1.1417,1.9650 	,	 10.0069,1.9650
1.0709,1.9700 	,	 9.9586,1.9700
0.9998,1.9750 	,	 9.9100,1.9750
0.9284,1.9800 	,	 9.8612,1.9800
0.8568,1.9850 	,	 9.8122,1.9850
0.7850,1.9900 	,	 9.7629,1.9900
0.7129,1.9950 	,	 9.7134,1.9950
0.6406,2.0000 	,	 9.6636,2.0000
0.5680,2.0050 	,	 9.6136,2.0050
0.4952,2.0100 	,	 9.5634,2.0100
0.4222,2.0150 	,	 9.5129,2.0150
0.3488,2.0200 	,	 9.4621,2.0200
0.2753,2.0250 	,	 9.4111,2.0250
0.2015,2.0300 	,	 9.3599,2.0300
0.1275,2.0350 	,	 9.3084,2.0350
0.0532,2.0400 	,	 9.2567,2.0400
0.0000,2.0450 	,	 9.2047,2.0450
0.0000,2.0500 	,	 9.1525,2.0500
0.0000,2.0550 	,	 9.1000,2.0550
0.0000,2.0600 	,	 9.0473,2.0600
0.0000,2.0650 	,	 8.9943,2.0650
0.0000,2.0700 	,	 8.9411,2.0700
0.0000,2.0750 	,	 8.8877,2.0750
0.0000,2.0800 	,	 8.8340,2.0800
0.0000,2.0850 	,	 8.7800,2.0850
0.0000,2.0900 	,	 8.7259,2.0900
0.0000,2.0950 	,	 8.6714,2.0950
0.0000,2.1000 	,	 8.6168,2.1000
0.0000,2.1050 	,	 8.5618,2.1050
0.0000,2.1100 	,	 8.5067,2.1100
0.0000,2.1150 	,	 8.4513,2.1150
0.0000,2.1200 	,	 8.3956,2.1200
0.0000,2.1250 	,	 8.3397,2.1250
0.0000,2.1300 	,	 8.2836,2.1300
0.0000,2.1350 	,	 8.2272,2.1350
0.0000,2.1400 	,	 8.1705,2.1400
0.0000,2.1450 	,	 8.1137,2.1450
0.0000,2.1500 	,	 8.0565,2.1500
0.0000,2.1550 	,	 7.9992,2.1550
0.0000,2.1600 	,	 7.9416,2.1600
0.0000,2.1650 	,	 7.8837,2.1650
0.0000,2.1700 	,	 7.8256,2.1700
0.0000,2.1750 	,	 7.7672,2.1750
0.0000,2.1800 	,	 7.7086,2.1800
0.0000,2.1850 	,	 7.6498,2.1850
0.0000,2.1900 	,	 7.5907,2.1900
0.0000,2.1950 	,	 7.5314,2.1950
0.0000,2.2000 	,	 7.4718,2.2000
0.0000,2.2050 	,	 7.4120,2.2050
0.0000,2.2100 	,	 7.3519,2.2100
0.0000,2.2150 	,	 7.2916,2.2150
0.0000,2.2200 	,	 7.2310,2.2200
0.0000,2.2250 	,	 7.1702,2.2250
0.0000,2.2300 	,	 7.1092,2.2300
0.0000,2.2350 	,	 7.0479,2.2350
0.0000,2.2400 	,	 6.9863,2.2400
0.0000,2.2450 	,	 6.9246,2.2450
0.0000,2.2500 	,	 6.8625,2.2500
0.0000,2.2550 	,	 6.8002,2.2550
0.0000,2.2600 	,	 6.7377,2.2600
0.0000,2.2650 	,	 6.6750,2.2650
0.0000,2.2700 	,	 6.6119,2.2700
0.0000,2.2750 	,	 6.5487,2.2750
0.0000,2.2800 	,	 6.4852,2.2800
0.0000,2.2850 	,	 6.4214,2.2850
0.0000,2.2900 	,	 6.3574,2.2900
0.0000,2.2950 	,	 6.2932,2.2950
0.0000,2.3000 	,	 6.2287,2.3000
0.0000,2.3050 	,	 6.1640,2.3050
0.0000,2.3100 	,	 6.0990,2.3100
0.0000,2.3150 	,	 6.0338,2.3150
0.0000,2.3200 	,	 5.9683,2.3200
0.0000,2.3250 	,	 5.9026,2.3250
0.0000,2.3300 	,	 5.8367,2.3300
0.0000,2.3350 	,	 5.7705,2.3350
0.0000,2.3400 	,	 5.7040,2.3400
0.0000,2.3450 	,	 5.6373,2.3450
0.0000,2.3500 	,	 5.5704,2.3500
0.0000,2.3550 	,	 5.5032,2.3550
0.0000,2.3600 	,	 5.4358,2.3600
0.0000,2.3650 	,	 5.3681,2.3650
0.0000,2.3700 	,	 5.3002,2.3700
0.0000,2.3750 	,	 5.2320,2.3750
0.0000,2.3800 	,	 5.1636,2.3800
0.0000,2.3850 	,	 5.0950,2.3850
0.0000,2.3900 	,	 5.0261,2.3900
0.0000,2.3950 	,	 4.9569,2.3950
0.0000,2.4000 	,	 4.8876,2.4000
0.0000,2.4050 	,	 4.8179,2.4050
0.0000,2.4100 	,	 4.7480,2.4100
0.0000,2.4150 	,	 4.6779,2.4150
0.0000,2.4200 	,	 4.6075,2.4200
0.0000,2.4250 	,	 4.5369,2.4250
0.0000,2.4300 	,	 4.4661,2.4300
0.0000,2.4350 	,	 4.3950,2.4350
0.0000,2.4400 	,	 4.3236,2.4400
0.0000,2.4450 	,	 4.2520,2.4450
0.0000,2.4500 	,	 4.1802,2.4500
0.0000,2.4550 	,	 4.1081,2.4550
0.0000,2.4600 	,	 4.0358,2.4600
0.0000,2.4650 	,	 3.9632,2.4650
0.0000,2.4700 	,	 3.8904,2.4700
0.0000,2.4750 	,	 3.8173,2.4750
0.0000,2.4800 	,	 3.7440,2.4800
0.0000,2.4850 	,	 3.6704,2.4850
0.0000,2.4900 	,	 3.5966,2.4900
0.0000,2.4950 	,	 3.5226,2.4950
0.0000,2.5000 	,	 3.4483,2.5000
0.0000,2.5050 	,	 3.3737,2.5050
0.0000,2.5100 	,	 3.2990,2.5100
0.0000,2.5150 	,	 3.2239,2.5150
0.0000,2.5200 	,	 3.1487,2.5200
0.0000,2.5250 	,	 3.0731,2.5250
0.0000,2.5300 	,	 2.9974,2.5300
0.0000,2.5350 	,	 2.9214,2.5350
0.0000,2.5400 	,	 2.8451,2.5400
0.0000,2.5450 	,	 2.7686,2.5450
0.0000,2.5500 	,	 2.6919,2.5500
0.0000,2.5550 	,	 2.6149,2.5550
0.0000,2.5600 	,	 2.5376,2.5600
0.0000,2.5650 	,	 2.4602,2.5650
0.0000,2.5700 	,	 2.3824,2.5700
0.0000,2.5750 	,	 2.3045,2.5750
0.0000,2.5800 	,	 2.2262,2.5800
0.0000,2.5850 	,	 2.1478,2.5850
0.0000,2.5900 	,	 2.0691,2.5900
0.0000,2.5950 	,	 1.9901,2.5950
0.0000,2.6000 	,	 1.9109,2.6000
0.0000,2.6050 	,	 1.8315,2.6050
0.0000,2.6100 	,	 1.7518,2.6100
0.0000,2.6150 	,	 1.6719,2.6150
0.0000,2.6200 	,	 1.5917,2.6200
0.0000,2.6250 	,	 1.5112,2.6250
0.0000,2.6300 	,	 1.4306,2.6300
0.0000,2.6350 	,	 1.3497,2.6350
0.0000,2.6400 	,	 1.2685,2.6400
0.0000,2.6450 	,	 1.1871,2.6450
0.0000,2.6500 	,	 1.1054,2.6500
0.0000,2.6550 	,	 1.0235,2.6550
0.0000,2.6600 	,	 0.9414,2.6600
0.0000,2.6650 	,	 0.8590,2.6650
0.0000,2.6700 	,	 0.7764,2.6700
0.0000,2.6750 	,	 0.6935,2.6750
0.0000,2.6800 	,	 0.6104,2.6800
0.0000,2.6850 	,	 0.5270,2.6850
0.0000,2.6900 	,	 0.4434,2.6900
0.0000,2.6950 	,	 0.3596,2.6950
0.0000,2.7000 	,	 0.2754,2.7000
0.0000,2.7050 	,	 0.1911,2.7050
0.0000,2.7100 	,	 0.1065,2.7100
0.0000,2.7150 	,	 0.0217,2.7150
0.0000,2.7200 	,	 0.0000,2.7200
