t , h1 , h2
0.000 ,         10.00000 , 10.00000
0.005 ,         10.02553 , 10.04809
0.010 ,         10.05081 , 10.09593
0.015 ,         10.07585 , 10.14352
0.020 ,         10.10064 , 10.19087
0.025 ,         10.12519 , 10.23798
0.030 ,         10.14949 , 10.28484
0.035 ,         10.17355 , 10.33145
0.040 ,         10.19736 , 10.37782
0.045 ,         10.22093 , 10.42395
0.050 ,         10.24425 , 10.46983
0.055 ,         10.26733 , 10.51546
0.060 ,         10.29016 , 10.56085
0.065 ,         10.31275 , 10.60599
0.070 ,         10.33509 , 10.65089
0.075 ,         10.35718 , 10.69555
0.080 ,         10.37903 , 10.73995
0.085 ,         10.40064 , 10.78412
0.090 ,         10.42200 , 10.82803
0.095 ,         10.44311 , 10.87170
0.100 ,         10.46398 , 10.91513
0.105 ,         10.48460 , 10.95831
0.110 ,         10.50498 , 11.00125
0.115 ,         10.52512 , 11.04394
0.120 ,         10.54500 , 11.08639
0.125 ,         10.56465 , 11.12859
0.130 ,         10.58404 , 11.17054
0.135 ,         10.60320 , 11.21225
0.140 ,         10.62210 , 11.25372
0.145 ,         10.64077 , 11.29494
0.150 ,         10.65918 , 11.33591
0.155 ,         10.67735 , 11.37664
0.160 ,         10.69528 , 11.41712
0.165 ,         10.71296 , 11.45736
0.170 ,         10.73040 , 11.49735
0.175 ,         10.74759 , 11.53710
0.180 ,         10.76453 , 11.57660
0.185 ,         10.78123 , 11.61586
0.190 ,         10.79769 , 11.65487
0.195 ,         10.81390 , 11.69364
0.200 ,         10.82986 , 11.73216
0.205 ,         10.84558 , 11.77044
0.210 ,         10.86105 , 11.80847
0.215 ,         10.87628 , 11.84626
0.220 ,         10.89126 , 11.88380
0.225 ,         10.90600 , 11.92109
0.230 ,         10.92049 , 11.95814
0.235 ,         10.93474 , 11.99495
0.240 ,         10.94874 , 12.03151
0.245 ,         10.96250 , 12.06782
0.250 ,         10.97601 , 12.10389
0.255 ,         10.98928 , 12.13971
0.260 ,         11.00230 , 12.17529
0.265 ,         11.01508 , 12.21063
0.270 ,         11.02761 , 12.24572
0.275 ,         11.03989 , 12.28056
0.280 ,         11.05193 , 12.31516
0.285 ,         11.06373 , 12.34951
0.290 ,         11.07528 , 12.38362
0.295 ,         11.08658 , 12.41748
0.300 ,         11.09764 , 12.45109
0.305 ,         11.10845 , 12.48447
0.310 ,         11.11902 , 12.51759
0.315 ,         11.12935 , 12.55047
0.320 ,         11.13942 , 12.58311
0.325 ,         11.14926 , 12.61550
0.330 ,         11.15885 , 12.64764
0.335 ,         11.16819 , 12.67954
0.340 ,         11.17728 , 12.71120
0.345 ,         11.18614 , 12.74261
0.350 ,         11.19474 , 12.77377
0.355 ,         11.20310 , 12.80469
0.360 ,         11.21122 , 12.83537
0.365 ,         11.21909 , 12.86579
0.370 ,         11.22672 , 12.89598
0.375 ,         11.23410 , 12.92591
0.380 ,         11.24123 , 12.95561
0.385 ,         11.24812 , 12.98505
0.390 ,         11.25477 , 13.01426
0.395 ,         11.26117 , 13.04321
0.400 ,         11.26732 , 13.07193
0.405 ,         11.27323 , 13.10039
0.410 ,         11.27889 , 13.12861
0.415 ,         11.28431 , 13.15659
0.420 ,         11.28948 , 13.18432
0.425 ,         11.29441 , 13.21181
0.430 ,         11.29910 , 13.23905
0.435 ,         11.30353 , 13.26604
0.440 ,         11.30772 , 13.29279
0.445 ,         11.31167 , 13.31929
0.450 ,         11.31537 , 13.34555
0.455 ,         11.31883 , 13.37157
0.460 ,         11.32204 , 13.39734
0.465 ,         11.32501 , 13.42286
0.470 ,         11.32773 , 13.44814
0.475 ,         11.33020 , 13.47317
0.480 ,         11.33243 , 13.49796
0.485 ,         11.33442 , 13.52250
0.490 ,         11.33616 , 13.54680
0.495 ,         11.33765 , 13.57085
0.500 ,         11.33890 , 13.59466
0.505 ,         11.33990 , 13.61822
0.510 ,         11.34066 , 13.64153
0.515 ,         11.34118 , 13.66461
0.520 ,         11.34145 , 13.68743
0.525 ,         11.34147 , 13.71001
0.530 ,         11.34125 , 13.73235
0.535 ,         11.34078 , 13.75444
0.540 ,         11.34007 , 13.77628
0.545 ,         11.33911 , 13.79788
0.550 ,         11.33790 , 13.81924
0.555 ,         11.33646 , 13.84034
0.560 ,         11.33476 , 13.86121
0.565 ,         11.33282 , 13.88183
0.570 ,         11.33064 , 13.90220
0.575 ,         11.32821 , 13.92233
0.580 ,         11.32553 , 13.94221
0.585 ,         11.32261 , 13.96185
0.590 ,         11.31945 , 13.98124
0.595 ,         11.31604 , 14.00039
0.600 ,         11.31238 , 14.01929
0.605 ,         11.30848 , 14.03794
0.610 ,         11.30433 , 14.05636
0.615 ,         11.29994 , 14.07452
0.620 ,         11.29531 , 14.09244
0.625 ,         11.29042 , 14.11012
0.630 ,         11.28530 , 14.12755
0.635 ,         11.27992 , 14.14473
0.640 ,         11.27431 , 14.16167
0.645 ,         11.26844 , 14.17837
0.650 ,         11.26233 , 14.19482
0.655 ,         11.25598 , 14.21102
0.660 ,         11.24938 , 14.22698
0.665 ,         11.24254 , 14.24269
0.670 ,         11.23545 , 14.25816
0.675 ,         11.22811 , 14.27338
0.680 ,         11.22053 , 14.28836
0.685 ,         11.21271 , 14.30309
0.690 ,         11.20464 , 14.31758
0.695 ,         11.19632 , 14.33182
0.700 ,         11.18776 , 14.34582
0.705 ,         11.17896 , 14.35957
0.710 ,         11.16990 , 14.37308
0.715 ,         11.16061 , 14.38634
0.720 ,         11.15107 , 14.39935
0.725 ,         11.14128 , 14.41212
0.730 ,         11.13125 , 14.42465
0.735 ,         11.12097 , 14.43693
0.740 ,         11.11045 , 14.44896
0.745 ,         11.09968 , 14.46075
0.750 ,         11.08866 , 14.47230
0.755 ,         11.07741 , 14.48360
0.760 ,         11.06590 , 14.49465
0.765 ,         11.05415 , 14.50546
0.770 ,         11.04216 , 14.51602
0.775 ,         11.02992 , 14.52634
0.780 ,         11.01743 , 14.53641
0.785 ,         11.00470 , 14.54624
0.790 ,         10.99173 , 14.55582
0.795 ,         10.97851 , 14.56516
0.800 ,         10.96504 , 14.57425
0.805 ,         10.95133 , 14.58310
0.810 ,         10.93737 , 14.59170
0.815 ,         10.92317 , 14.60005
0.820 ,         10.90873 , 14.60817
0.825 ,         10.89403 , 14.61603
0.830 ,         10.87910 , 14.62365
0.835 ,         10.86391 , 14.63103
0.840 ,         10.84849 , 14.63816
0.845 ,         10.83281 , 14.64504
0.850 ,         10.81689 , 14.65168
0.855 ,         10.80073 , 14.65807
0.860 ,         10.78432 , 14.66422
0.865 ,         10.76767 , 14.67013
0.870 ,         10.75077 , 14.67578
0.875 ,         10.73362 , 14.68120
0.880 ,         10.71623 , 14.68636
0.885 ,         10.69860 , 14.69129
0.890 ,         10.68072 , 14.69596
0.895 ,         10.66259 , 14.70040
0.900 ,         10.64422 , 14.70458
0.905 ,         10.62561 , 14.70852
0.910 ,         10.60674 , 14.71222
0.915 ,         10.58764 , 14.71567
0.920 ,         10.56829 , 14.71888
0.925 ,         10.54869 , 14.72184
0.930 ,         10.52885 , 14.72455
0.935 ,         10.50876 , 14.72702
0.940 ,         10.48843 , 14.72925
0.945 ,         10.46785 , 14.73123
0.950 ,         10.44702 , 14.73296
0.955 ,         10.42596 , 14.73445
0.960 ,         10.40464 , 14.73569
0.965 ,         10.38308 , 14.73669
0.970 ,         10.36128 , 14.73745
0.975 ,         10.33923 , 14.73795
0.980 ,         10.31693 , 14.73822
0.985 ,         10.29439 , 14.73823
0.990 ,         10.27161 , 14.73801
0.995 ,         10.24858 , 14.73753
1.000 ,         10.22530 , 14.73681
1.005 ,         10.20178 , 14.73585
1.010 ,         10.17801 , 14.73464
1.015 ,         10.15400 , 14.73319
1.020 ,         10.12975 , 14.73149
1.025 ,         10.10524 , 14.72954
1.030 ,         10.08050 , 14.72735
1.035 ,         10.05550 , 14.72492
1.040 ,         10.03027 , 14.72224
1.045 ,         10.00478 , 14.71931
1.050 ,          9.97905 , 14.71614
1.055 ,          9.95308 , 14.71273
1.060 ,          9.92686 , 14.70906
1.065 ,          9.90040 , 14.70516
1.070 ,          9.87369 , 14.70101
1.075 ,          9.84673 , 14.69661
1.080 ,          9.81953 , 14.69197
1.085 ,          9.79209 , 14.68708
1.090 ,          9.76440 , 14.68195
1.095 ,          9.73646 , 14.67657
1.100 ,          9.70828 , 14.67095
1.105 ,          9.67986 , 14.66508
1.110 ,          9.65118 , 14.65896
1.115 ,          9.62227 , 14.65260
1.120 ,          9.59311 , 14.64600
1.125 ,          9.56370 , 14.63915
1.130 ,          9.53405 , 14.63206
1.135 ,          9.50415 , 14.62472
1.140 ,          9.47401 , 14.61713
1.145 ,          9.44362 , 14.60930
1.150 ,          9.41298 , 14.60122
1.155 ,          9.38211 , 14.59290
1.160 ,          9.35098 , 14.58434
1.165 ,          9.31961 , 14.57552
1.170 ,          9.28800 , 14.56647
1.175 ,          9.25614 , 14.55717
1.180 ,          9.22403 , 14.54762
1.185 ,          9.19168 , 14.53783
1.190 ,          9.15909 , 14.52779
1.195 ,          9.12625 , 14.51751
1.200 ,          9.09316 , 14.50698
1.205 ,          9.05983 , 14.49620
1.210 ,          9.02626 , 14.48518
1.215 ,          8.99243 , 14.47392
1.220 ,          8.95837 , 14.46241
1.225 ,          8.92405 , 14.45066
1.230 ,          8.88950 , 14.43866
1.235 ,          8.85469 , 14.42641
1.240 ,          8.81965 , 14.41392
1.245 ,          8.78435 , 14.40119
1.250 ,          8.74882 , 14.38821
1.255 ,          8.71303 , 14.37498
1.260 ,          8.67700 , 14.36151
1.265 ,          8.64073 , 14.34779
1.270 ,          8.60421 , 14.33383
1.275 ,          8.56744 , 14.31962
1.280 ,          8.53043 , 14.30517
1.285 ,          8.49318 , 14.29047
1.290 ,          8.45568 , 14.27553
1.295 ,          8.41793 , 14.26034
1.300 ,          8.37994 , 14.24491
1.305 ,          8.34171 , 14.22923
1.310 ,          8.30323 , 14.21331
1.315 ,          8.26450 , 14.19714
1.320 ,          8.22553 , 14.18072
1.325 ,          8.18631 , 14.16406
1.330 ,          8.14685 , 14.14716
1.335 ,          8.10714 , 14.13001
1.340 ,          8.06719 , 14.11261
1.345 ,          8.02699 , 14.09497
1.350 ,          7.98655 , 14.07709
1.355 ,          7.94586 , 14.05896
1.360 ,          7.90492 , 14.04058
1.365 ,          7.86374 , 14.02196
1.370 ,          7.82232 , 14.00309
1.375 ,          7.78065 , 13.98398
1.380 ,          7.73873 , 13.96462
1.385 ,          7.69657 , 13.94502
1.390 ,          7.65417 , 13.92517
1.395 ,          7.61152 , 13.90508
1.400 ,          7.56862 , 13.88474
1.405 ,          7.52548 , 13.86416
1.410 ,          7.48210 , 13.84333
1.415 ,          7.43846 , 13.82225
1.420 ,          7.39459 , 13.80093
1.425 ,          7.35046 , 13.77937
1.430 ,          7.30610 , 13.75756
1.435 ,          7.26148 , 13.73550
1.440 ,          7.21663 , 13.71320
1.445 ,          7.17152 , 13.69066
1.450 ,          7.12618 , 13.66787
1.455 ,          7.08058 , 13.64483
1.460 ,          7.03474 , 13.62155
1.465 ,          6.98866 , 13.59802
1.470 ,          6.94233 , 13.57425
1.475 ,          6.89576 , 13.55024
1.480 ,          6.84894 , 13.52597
1.485 ,          6.80187 , 13.50147
1.490 ,          6.75456 , 13.47671
1.495 ,          6.70700 , 13.45171
1.500 ,          6.65920 , 13.42647
1.505 ,          6.61116 , 13.40098
1.510 ,          6.56287 , 13.37525
1.515 ,          6.51433 , 13.34927
1.520 ,          6.46555 , 13.32305
1.525 ,          6.41652 , 13.29658
1.530 ,          6.36725 , 13.26986
1.535 ,          6.31773 , 13.24290
1.540 ,          6.26797 , 13.21570
1.545 ,          6.21796 , 13.18825
1.550 ,          6.16771 , 13.16055
1.555 ,          6.11721 , 13.13261
1.560 ,          6.06646 , 13.10442
1.565 ,          6.01547 , 13.07599
1.570 ,          5.96424 , 13.04731
1.575 ,          5.91276 , 13.01839
1.580 ,          5.86104 , 12.98922
1.585 ,          5.80907 , 12.95981
1.590 ,          5.75685 , 12.93015
1.595 ,          5.70439 , 12.90025
1.600 ,          5.65168 , 12.87010
1.605 ,          5.59873 , 12.83971
1.610 ,          5.54554 , 12.80907
1.615 ,          5.49209 , 12.77819
1.620 ,          5.43841 , 12.74706
1.625 ,          5.38448 , 12.71568
1.630 ,          5.33030 , 12.68406
1.635 ,          5.27588 , 12.65220
1.640 ,          5.22121 , 12.62009
1.645 ,          5.16629 , 12.58773
1.650 ,          5.11114 , 12.55513
1.655 ,          5.05573 , 12.52228
1.660 ,          5.00008 , 12.48919
1.665 ,          4.94419 , 12.45586
1.670 ,          4.88805 , 12.42228
1.675 ,          4.83167 , 12.38845
1.680 ,          4.77504 , 12.35438
1.685 ,          4.71816 , 12.32006
1.690 ,          4.66104 , 12.28550
1.695 ,          4.60367 , 12.25069
1.700 ,          4.54606 , 12.21563
1.705 ,          4.48821 , 12.18034
1.710 ,          4.43011 , 12.14479
1.715 ,          4.37176 , 12.10900
1.720 ,          4.31317 , 12.07297
1.725 ,          4.25433 , 12.03669
1.730 ,          4.19525 , 12.00016
1.735 ,          4.13592 , 11.96339
1.740 ,          4.07635 , 11.92638
1.745 ,          4.01653 , 11.88912
1.750 ,          3.95647 , 11.85161
1.755 ,          3.89616 , 11.81386
1.760 ,          3.83560 , 11.77586
1.765 ,          3.77480 , 11.73762
1.770 ,          3.71376 , 11.69914
1.775 ,          3.65247 , 11.66040
1.780 ,          3.59094 , 11.62143
1.785 ,          3.52916 , 11.58220
1.790 ,          3.46713 , 11.54274
1.795 ,          3.40486 , 11.50302
1.800 ,          3.34234 , 11.46307
1.805 ,          3.27958 , 11.42286
1.810 ,          3.21658 , 11.38241
1.815 ,          3.15332 , 11.34172
1.820 ,          3.08983 , 11.30078
1.825 ,          3.02609 , 11.25960
1.830 ,          2.96210 , 11.21817
1.835 ,          2.89787 , 11.17649
1.840 ,          2.83339 , 11.13457
1.845 ,          2.76866 , 11.09240
1.850 ,          2.70370 , 11.04999
1.855 ,          2.63848 , 11.00734
1.860 ,          2.57302 , 10.96444
1.865 ,          2.50732 , 10.92129
1.870 ,          2.44137 , 10.87790
1.875 ,          2.37518 , 10.83426
1.880 ,          2.30874 , 10.79038
1.885 ,          2.24205 , 10.74625
1.890 ,          2.17512 , 10.70188
1.895 ,          2.10794 , 10.65726
1.900 ,          2.04052 , 10.61240
1.905 ,          1.97286 , 10.56729
1.910 ,          1.90495 , 10.52193
1.915 ,          1.83679 , 10.47634
1.920 ,          1.76839 , 10.43049
1.925 ,          1.69974 , 10.38440
1.930 ,          1.63085 , 10.33807
1.935 ,          1.56171 , 10.29149
1.940 ,          1.49233 , 10.24466
1.945 ,          1.42270 , 10.19759
1.950 ,          1.35283 , 10.15028
1.955 ,          1.28271 , 10.10271
1.960 ,          1.21234 , 10.05491
1.965 ,          1.14174 , 10.00686
1.970 ,          1.07088 ,  9.95856
1.975 ,          0.99978 ,  9.91002
1.980 ,          0.92844 ,  9.86123
1.985 ,          0.85685 ,  9.81220
1.990 ,          0.78501 ,  9.76292
1.995 ,          0.71293 ,  9.71340
2.000 ,          0.64060 ,  9.66363
2.005 ,          0.56803 ,  9.61361
2.010 ,          0.49522 ,  9.56336
2.015 ,          0.42216 ,  9.51285
2.020 ,          0.34885 ,  9.46210
2.025 ,          0.27530 ,  9.41111
2.030 ,          0.20150 ,  9.35987
2.035 ,          0.12746 ,  9.30838
2.040 ,          0.05317 ,  9.25665
2.045 ,          0.00000 ,  9.20468
2.050 ,          0.00000 ,  9.15246
2.055 ,          0.00000 ,  9.09999
2.060 ,          0.00000 ,  9.04728
2.065 ,          0.00000 ,  8.99432
2.070 ,          0.00000 ,  8.94112
2.075 ,          0.00000 ,  8.88767
2.080 ,          0.00000 ,  8.83398
2.085 ,          0.00000 ,  8.78004
2.090 ,          0.00000 ,  8.72586
2.095 ,          0.00000 ,  8.67143
2.100 ,          0.00000 ,  8.61676
2.105 ,          0.00000 ,  8.56184
2.110 ,          0.00000 ,  8.50668
2.115 ,          0.00000 ,  8.45127
2.120 ,          0.00000 ,  8.39561
2.125 ,          0.00000 ,  8.33971
2.130 ,          0.00000 ,  8.28357
2.135 ,          0.00000 ,  8.22718
2.140 ,          0.00000 ,  8.17054
2.145 ,          0.00000 ,  8.11366
2.150 ,          0.00000 ,  8.05654
2.155 ,          0.00000 ,  7.99917
2.160 ,          0.00000 ,  7.94155
2.165 ,          0.00000 ,  7.88369
2.170 ,          0.00000 ,  7.82558
2.175 ,          0.00000 ,  7.76723
2.180 ,          0.00000 ,  7.70863
2.185 ,          0.00000 ,  7.64979
2.190 ,          0.00000 ,  7.59070
2.195 ,          0.00000 ,  7.53137
2.200 ,          0.00000 ,  7.47179
2.205 ,          0.00000 ,  7.41197
2.210 ,          0.00000 ,  7.35190
2.215 ,          0.00000 ,  7.29158
2.220 ,          0.00000 ,  7.23103
2.225 ,          0.00000 ,  7.17022
2.230 ,          0.00000 ,  7.10917
2.235 ,          0.00000 ,  7.04788
2.240 ,          0.00000 ,  6.98634
2.245 ,          0.00000 ,  6.92455
2.250 ,          0.00000 ,  6.86252
2.255 ,          0.00000 ,  6.80024
2.260 ,          0.00000 ,  6.73772
2.265 ,          0.00000 ,  6.67496
2.270 ,          0.00000 ,  6.61194
2.275 ,          0.00000 ,  6.54869
2.280 ,          0.00000 ,  6.48518
2.285 ,          0.00000 ,  6.42144
2.290 ,          0.00000 ,  6.35744
2.295 ,          0.00000 ,  6.29321
2.300 ,          0.00000 ,  6.22872
2.305 ,          0.00000 ,  6.16399
2.310 ,          0.00000 ,  6.09902
2.315 ,          0.00000 ,  6.03380
2.320 ,          0.00000 ,  5.96834
2.325 ,          0.00000 ,  5.90263
2.330 ,          0.00000 ,  5.83667
2.335 ,          0.00000 ,  5.77047
2.340 ,          0.00000 ,  5.70403
2.345 ,          0.00000 ,  5.63734
2.350 ,          0.00000 ,  5.57040
2.355 ,          0.00000 ,  5.50322
2.360 ,          0.00000 ,  5.43579
2.365 ,          0.00000 ,  5.36812
2.370 ,          0.00000 ,  5.30021
2.375 ,          0.00000 ,  5.23204
2.380 ,          0.00000 ,  5.16364
2.385 ,          0.00000 ,  5.09498
2.390 ,          0.00000 ,  5.02609
2.395 ,          0.00000 ,  4.95694
2.400 ,          0.00000 ,  4.88755
2.405 ,          0.00000 ,  4.81792
2.410 ,          0.00000 ,  4.74804
2.415 ,          0.00000 ,  4.67792
2.420 ,          0.00000 ,  4.60755
2.425 ,          0.00000 ,  4.53693
2.430 ,          0.00000 ,  4.46607
2.435 ,          0.00000 ,  4.39497
2.440 ,          0.00000 ,  4.32362
2.445 ,          0.00000 ,  4.25202
2.450 ,          0.00000 ,  4.18018
2.455 ,          0.00000 ,  4.10810
2.460 ,          0.00000 ,  4.03576
2.465 ,          0.00000 ,  3.96319
2.470 ,          0.00000 ,  3.89037
2.475 ,          0.00000 ,  3.81730
2.480 ,          0.00000 ,  3.74399
2.485 ,          0.00000 ,  3.67043
2.490 ,          0.00000 ,  3.59663
2.495 ,          0.00000 ,  3.52258
2.500 ,          0.00000 ,  3.44829
2.505 ,          0.00000 ,  3.37375
2.510 ,          0.00000 ,  3.29896
2.515 ,          0.00000 ,  3.22393
2.520 ,          0.00000 ,  3.14866
2.525 ,          0.00000 ,  3.07314
2.530 ,          0.00000 ,  2.99738
2.535 ,          0.00000 ,  2.92137
2.540 ,          0.00000 ,  2.84511
2.545 ,          0.00000 ,  2.76861
2.550 ,          0.00000 ,  2.69186
2.555 ,          0.00000 ,  2.61487
2.560 ,          0.00000 ,  2.53764
2.565 ,          0.00000 ,  2.46015
2.570 ,          0.00000 ,  2.38243
2.575 ,          0.00000 ,  2.30446
2.580 ,          0.00000 ,  2.22624
2.585 ,          0.00000 ,  2.14778
2.590 ,          0.00000 ,  2.06907
2.595 ,          0.00000 ,  1.99012
2.600 ,          0.00000 ,  1.91092
2.605 ,          0.00000 ,  1.83147
2.610 ,          0.00000 ,  1.75178
2.615 ,          0.00000 ,  1.67185
2.620 ,          0.00000 ,  1.59167
2.625 ,          0.00000 ,  1.51125
2.630 ,          0.00000 ,  1.43058
2.635 ,          0.00000 ,  1.34966
2.640 ,          0.00000 ,  1.26850
2.645 ,          0.00000 ,  1.18710
2.650 ,          0.00000 ,  1.10544
2.655 ,          0.00000 ,  1.02355
2.660 ,          0.00000 ,  0.94141
2.665 ,          0.00000 ,  0.85902
2.670 ,          0.00000 ,  0.77639
2.675 ,          0.00000 ,  0.69351
2.680 ,          0.00000 ,  0.61039
2.685 ,          0.00000 ,  0.52702
2.690 ,          0.00000 ,  0.44341
2.695 ,          0.00000 ,  0.35955
2.700 ,          0.00000 ,  0.27545
2.705 ,          0.00000 ,  0.19110
2.710 ,          0.00000 ,  0.10651
2.715 ,          0.00000 ,  0.02167
2.720 ,          0.00000 ,  0.00000
